learning_rate	feature_fraction	bagging_fraction	min_data_in_leaf	num_leaves	max_bin	y	dob	eol	error.message	exec.time	ei	error.model	train.time	prop.type	propose.time	se	mean	num_iterations	iteracion	script
0.0100980272680618	0.23340228817501	0.545575124698854	0	34	255.016580499493	0.866097450839785	155			38.7460000000001	-0.00015576751168258		0.959000000000742	infill_ei	1.8090000000002	0.000905362176872555	0.865381184281262	988	179	lightgbm_BO
0.0145683272608569	0.237963706061754	0.577924929677745	1	34	255.016361371636	0.866035442176615	162			25.4939999999997	-4.23533109858123e-05		0.555000000000291	infill_ei	1.76500000000033	0.000310616230698019	0.86587149063775	614	186	lightgbm_BO
0.0159441695418732	0.241416256433976	0.564093529898028	0	32	255.064510862416	0.866020492140876	163			18.5330000000004	-9.81346640423814e-06		1.10700000000088	infill_ei	1.92700000000059	0.0006309990702095	0.864983244703871	445	187	lightgbm_BO
0.0133818302984953	0.23685738671548	0.675817748933286	0	28	255.09271504215	0.865957661875692	185			25.1050000000014	-0.000168187688440456		1.45000000000073	infill_ei	1.97199999999975	0.000777876961182596	0.865753450199558	726	209	lightgbm_BO
0.0105911561554911	0.231435097922961	0.993666758000606	10	23	255.001160739063	0.865913335140842	107			22.8760000000002	-0.000677953043262646		1.09299999999985	infill_ei	1.51299999999992	0.00138007427293744	0.865737992804986	840	131	lightgbm_BO
0.0107435402293371	0.24472283332101	0.516109703478795	3	32	255.016544821964	0.865813952494904	161			25.0249999999996	-7.577529569056e-05		1.06400000000031	infill_ei	1.80000000000018	0.000330887643394817	0.865963716921631	686	185	lightgbm_BO
0.0100077460712485	0.227245044489313	0.915415716099451	18	21	255.000011422793	0.865569990127226	113			24.2160000000004	-0.000306788848731034		1.21800000000076	infill_ei	1.58600000000024	0.000502149677140316	0.866099137102314	994	137	lightgbm_BO
0.0143334671919943	0.236686264480076	0.547891361764101	17	38	255.007953793401	0.865499612569217	91			22.6799999999994	-0.000234701865615691		1.02999999999975	infill_ei	1.42600000000039	0.000457445997904883	0.865430823643345	554	115	lightgbm_BO
0.0109730538099968	0.22714288377877	0.998964758219455	16	17	255.016424557813	0.865469495765434	120			19.2690000000002	-0.000108183090986216		1.44799999999941	infill_ei	1.69999999999982	0.000495512780033651	0.865697372357561	927	144	lightgbm_BO
0.010008171952034	0.201206705240236	0.882589660920143	15	29	255.013623092446	0.865463612700305	158			26.357	-6.99118454471945e-05		1.14099999999962	infill_ei	1.82999999999993	0.000465252220719647	0.865785707369608	885	182	lightgbm_BO
0.0100991890681932	0.23588490451481	0.975371396175811	11	45	255.005317859283	0.865439148376239	121			31.7219999999998	-6.62175895723311e-05		1.62100000000009	infill_ei	1.47000000000025	0.000273809993094637	0.865812713644068	672	145	lightgbm_BO
0.0113575277331192	0.356987291121837	0.501209272795547	28	11	255.099715535198	0.865334475039133	60			19.6200000000003	-0.000140104633187219		0.850999999999658	infill_ei	1.21799999999985	0.000583593847163243	0.864500949237108	1186	84	lightgbm_BO
0.0398456998959044	0.601179120750108	0.987925562813116	0	29	255.011831726755	0.865171001523897	78			11.1590000000001	-2.53423090719146e-05		1.096	infill_ei	1.35100000000011	0.00244492803227482	0.860628767132888	173	102	lightgbm_BO
0.0101601925000461	0.626746267196522	0.767861704425182	15	38	255.045153404891	0.865092814819431	168			38.1549999999998	-0.00011550764772464		2.07000000000062	infill_ei	1.90300000000025	0.0009057662219723	0.865403411431912	651	192	lightgbm_BO
0.020183691280726	0.573804863234447	0.68260733319928	0	41	255.086273377377	0.865003650233582	148			28.5789999999997	-0.000160179851669905		0.828000000000429	infill_ei	1.97599999999966	0.00129058050026292	0.864904379290257	407	172	lightgbm_BO
0.0159117046882543	0.602430783957528	0.679467871955235	17	35	255.092654898565	0.864917121472307	178			28.4349999999995	-3.25155916332853e-05		1.50400000000082	infill_ei	2.00699999999961	0.000605926821692936	0.865357254550471	527	202	lightgbm_BO
0.0105141382989531	0.203316375621013	0.998394599552693	6	24	255.064113982561	0.864832554278189	147			22.7739999999994	-0.000256729878632208		1.01800000000003	infill_ei	1.75	0.00112543103015974	0.865455551661602	829	171	lightgbm_BO
0.0302083669691676	0.201008791145959	0.654679912802528	0	36	255.036025490654	0.864781283725231	180			16.0380000000005	-9.77778916592409e-06		1.53400000000147	infill_ei	1.95399999999972	0.000845426433226884	0.864505892042711	336	204	lightgbm_BO
0.0215441882775126	0.396161427394626	0.740896389086153	16	11	255.093275547831	0.864742500826347	136			9.50700000000052	-3.64681521480039e-05		1.10300000000007	infill_ei	1.76299999999992	0.000763725344632012	0.864937680370966	497	160	lightgbm_BO
0.0100749815799189	0.343922606155267	0.628390734350176	22	25	255.099285136224	0.864718308891693	59			18.759	-0.000175237771461918		0.657000000000153	infill_ei	1.26700000000028	0.0010337268002266	0.86400216252553	582	83	lightgbm_BO
0.0155408720149656	0.315297221674877	0.456519720055175	10	10	255.096797704706	0.86461920955352	52			13.2909999999997	-0.00111945970043231		0.789999999999964	infill_ei	1.22600000000011	0.00134324912181804	0.865375539787525	860	76	lightgbm_BO
0.0105845446664623	0.55551393739024	0.80711211839052	23	28	255.080576097409	0.864570795726223	172			30.576	-8.16364438476359e-05		1.1220000000003	infill_ei	2.02899999999954	0.000841899361781147	0.865323675906042	716	196	lightgbm_BO
0.0217887939839928	0.449783705324471	0.58662256809489	8	38	255.097761180858	0.864542465759591	152			20.0219999999999	-0.000156456574001572		1.09199999999964	infill_ei	1.875	0.000904876850804624	0.865384240024124	340	176	lightgbm_BO
0.0194565009798615	0.433196484371446	0.219486606565775	33	13	255.025815300401	0.864452112042929	7			13.264	-0.00212265510267024		0.0550000000000637	infill_ei	1.03099999999995	0.00147379550944052	0.866399538935721	645	31	lightgbm_BO
0.0121035081846076	0.51992885400947	0.200030661660461	27	11	255.086097881265	0.864451914652484	191			17.0399999999991	-3.23901957284472e-05		1.47900000000118	infill_ei	1.98300000000017	0.00100731868176222	0.864627743135037	868	215	lightgbm_BO
0.0130550967169063	0.237708159134795	0.883098195983823	13	17	255.065883591634	0.864440581115975	186			14.2139999999999	-9.63602906372506e-05		1.79900000000089	infill_ei	2.01599999999962	0.000634722613899738	0.865676046905495	635	210	lightgbm_BO
0.011926192706455	0.228190734863401	0.773024065358033	13	10	255.003006520722	0.864422384992423	123			17.8440000000001	-0.000108576827619946		1.64300000000003	infill_ei	1.7470000000003	0.000501059439143244	0.86569248280041	1293	147	lightgbm_BO
0.014771083681311	0.233142868932549	0.446219287801692	28	173	255.025836101021	0.864330461394055	2			34.506	-0.000457319237815013		0.117999999999938	infill_ei	0.423000000000002	0.000753143628002912	0.862660401833126	386	26	lightgbm_BO
0.0105945344992303	0.233729227370915	0.998805209927118	23	166	255.00068251091	0.864259446178969	114			73.1279999999997	-0.000161107603605829		1.06400000000031	infill_ei	1.60600000000068	0.00083982752664786	0.865477009560632	692	138	lightgbm_BO
0.0183253002210745	0.284887279914807	0.461473581488535	14	13	255.075701309689	0.864244185177853	57			10.3620000000001	-0.000336768492533253		0.802000000000135	infill_ei	1.22499999999991	0.000487859082525426	0.864857834297683	535	81	lightgbm_BO
0.0103675008317614	0.287176769989378	0.938835098002235	30	332	255.030243838011	0.864215498732125	30			52.3330000000001	-0.000147789841588543		0.346000000000004	infill_ei	1.23000000000002	0.00119219140421048	0.863519252996028	560	54	lightgbm_BO
0.0271737070702057	0.202747137202038	0.999926742062136	3	29	255.00154676753	0.864202772795728	182			17.4759999999988	-0.00013384063641934		1.39799999999923	infill_ei	1.95700000000033	0.000548492581277294	0.865899225781271	531	206	lightgbm_BO
0.0100981605517989	0.298680267188488	0.248992152182954	29	138	255.005864661841	0.864164732899709	3			52.951	-0.000416138779596256		0.104000000000042	infill_ei	1.04000000000008	0.00090622496839451	0.864434881348241	585	27	lightgbm_BO
0.0104838463354975	0.358260366726914	0.267504884933738	21	459	255.04305853495	0.864117805545295	141			123.939	-1.41775359858527e-05		0.889999999999418	infill_ei	1.86599999999999	0.00167340618557201	0.862565165062661	796	165	lightgbm_BO
0.0101998320743096	0.315527246910453	0.50267278315339	31	12	255.099495654233	0.864093106014595	61			18.281	-9.50896824332376e-05		0.809000000000197	infill_ei	1.38499999999976	0.000249136243995057	0.865325750568537	1080	85	lightgbm_BO
0.0418072673508403	0.229210080440543	0.922898712324367	0	11	255.015392691917	0.864027976782395	118			6.02800000000025	-7.8227273229012e-05		2.11599999999999	infill_ei	1.63200000000052	0.00097582263464826	0.864917837645241	331	142	lightgbm_BO
0.0111417653579679	0.600037609557916	0.726639217776624	0	18	255.058436861276	0.864019186622638	176			26.8760000000002	-6.14506503628724e-05		1.47199999999975	infill_ei	1.94100000000071	0.000587312724734615	0.865582052743093	823	200	lightgbm_BO
0.0201522780495137	0.412070169137121	0.994181673265591	0	13	255.009075693638	0.864010935181776	112			14.3179999999993	-0.000385116086060929		1.11899999999969	infill_ei	1.57499999999982	0.00150396329444255	0.865419450568055	600	136	lightgbm_BO
0.0376830707264449	0.313858911184896	0.310751768447755	21	512	255.08126934672	0.864002981663522	200			43.9619999999995	-3.85603394406014e-06		2.13999999999942	infill_ei	2.01500000000124	0.0012557112672451	0.863134514856864	299	224	lightgbm_BO
0.0102955149543821	0.236206927455552	0.774692919263416	24	106	255.051873056204	0.86398898937588	20			49.567	-0.000984151124813486		0.156999999999925	infill_ei	0.848999999999933	0.00119825458554507	0.865256608121243	585	44	lightgbm_BO
0.0162324647743507	0.259727102735424	0.495417085598339	27	144	255.078624225889	0.863967528426587	47			48.6880000000001	-0.000869704856348673		0.452999999999975	infill_ei	1.15100000000029	0.000867288741652195	0.865235173608388	482	71	lightgbm_BO
0.0238423686065877	0.448531321511997	0.200482764267298	12	10	255.013507639519	0.86391694816479	50			10.1860000000001	-0.000774434106538518		0.384999999999764	infill_ei	0.553000000000338	0.000906614748609513	0.86510024560014	538	74	lightgbm_BO
0.010415619944244	0.299805120755181	0.456885296567984	5	119	255.095280260567	0.863897308858437	58			74.489	-0.000192629419542247		0.746000000000095	infill_ei	1.36699999999973	0.000747742164090463	0.86437676880521	577	82	lightgbm_BO
0.0199219571438034	0.329909642735241	0.628789520224545	17	345	255.084223321651	0.863822302339957	175			74.8249999999989	-9.00561567850537e-06		2.09299999999894	infill_ei	1.91799999999967	0.00109417754466559	0.863896407387229	443	199	lightgbm_BO
0.010021506918786	0.255254654681777	0.628718194763861	10	150	255.031822498026	0.863814841713901	22			104.038	-0.001166923475394		0.0860000000000127	infill_ei	1.02499999999986	0.000632854509655601	0.865610676018811	766	46	lightgbm_BO
0.0496102005671231	0.257307333516931	0.202471575048723	13	16	255.021667859465	0.863778980060744	26			5.98300000000018	-0.000247965022326441		0.52800000000002	infill_ei	1.06500000000005	0.0013569293764412	0.863705492263752	223	50	lightgbm_BO
0.012058723747112	0.288777398106043	0.624076407544495	21	10	255.027902782146	0.863776467021661	8			13.3729999999999	-0.002830388991849		0.05600000000004	infill_ei	0.760999999999967	0.000956108050577019	0.867282080327276	909	32	lightgbm_BO
0.0308311845308815	0.23527395331633	0.443464276629921	14	38	255.000489999269	0.863768096716695	93			9.59699999999975	-6.0551600769588e-05		1.70399999999972	infill_ei	1.47500000000036	0.000529267420379357	0.865061427041992	185	117	lightgbm_BO
0.0158934020593624	0.594215236662154	0.936643260943189	0	108	255.018078839946	0.863742029240574	85			93.6990000000001	-0.000387265652460074		0.760000000000218	infill_ei	1.38700000000017	0.000921772659587502	0.865372899269189	547	109	lightgbm_BO
0.014445133339583	0.233291027913623	0.235825186449009	6	10	255.077704923236	0.863711891943475	24			13.03	-0.000598293639006813		0.240999999999985	infill_ei	1.06600000000003	0.00182265740567006	0.864178015910058	911	48	lightgbm_BO
0.049847190198488	0.415044473640684	0.204881629847594	16	144	255.094655873388	0.863677586121902	62			40.5519999999997	-0.000387890759830537		0.778999999999996	infill_ei	1.27800000000025	0.00148985584399278	0.864862324818123	247	86	lightgbm_BO
0.0381400870260689	0.362419327216758	0.55706702069785	23	331	255.000547083653	0.863663867042014	174			42.746000000001	-9.74826356760421e-06		2.60000000000036	infill_ei	1.92900000000009	0.00114940619944559	0.863798154568745	301	198	lightgbm_BO
0.0101118574946775	0.233666865120925	0.998703766150016	23	10	255.000155541664	0.863642504902485	124			15.5219999999999	-0.000119203322887793		1.20899999999983	infill_ei	1.7519999999995	0.000395973816471752	0.865828592776664	1149	148	lightgbm_BO
0.0195322384973334	0.235250450386294	0.543978886629954	18	116	255.031001096725	0.863605092791194	146			58.3419999999997	-7.58140376779134e-05		1.1880000000001	infill_ei	1.78999999999996	0.00050248409126147	0.865577865517872	579	170	lightgbm_BO
0.049153162126789	0.246482035143593	0.615704864418553	20	208	255.0047769788	0.863553072006246	129			60.1750000000002	-1.64366007241714e-05		1.52399999999943	infill_ei	1.71399999999994	0.00106439301228525	0.86403081568721	479	153	lightgbm_BO
0.0445791116833994	0.333631661872048	0.652193272589438	21	512	255.004153955173	0.86353730695192	55			53.3030000000003	-6.82830457982245e-05		0.592999999999847	infill_ei	1.37899999999991	0.00177136349350151	0.862179678695729	359	79	lightgbm_BO
0.0224867834199871	0.623086535894847	0.202260411168503	15	26	255.099231569658	0.863512813395939	198			18.3199999999997	-1.66223158647603e-06		1.85699999999997	infill_ei	2.05099999999948	0.000841241477322308	0.863990500676966	419	222	lightgbm_BO
0.0100640492185708	0.388049450509782	0.234941827022614	26	74	255.024563074027	0.863475355474175	13			40.7450000000001	-0.000508652752562647		0.0779999999999745	infill_ei	0.937000000000126	0.000450716189737099	0.864926875996953	507	37	lightgbm_BO
0.0484937146316905	0.363074528270207	0.584615839790307	24	415	255.099365277554	0.86347081622652	66			31.9110000000001	-0.000344099294185949		0.769000000000233	infill_ei	1.29500000000007	0.0014351729368519	0.864798687525991	208	90	lightgbm_BO
0.0294594815612523	0.306713487285337	0.747928818140983	13	12	255.000789346979	0.863466318567573	54			7.16600000000017	-0.000195316316804392		1.04500000000007	infill_ei	1.23599999999988	0.00157118392704264	0.863392306514949	335	78	lightgbm_BO
0.0104082425565845	0.368641090368987	0.756433289290483	20	511	255.093416898261	0.863464041680415	194			92.6540000000005	-2.29146097922078e-06		1.55599999999868	infill_ei	2.02300000000105	0.00132331721814257	0.862727132509756	631	218	lightgbm_BO
0.0100040274727582	0.208061817358053	0.20113930570818	24	155	255.029897963826	0.863440521869871	12			86.0989999999999	-0.00126134157196706		0.0850000000000364	infill_ei	1.096	0.00111911035923632	0.865629030982233	892	36	lightgbm_BO
0.0136755729337947	0.73349049705084	0.866336015343188	13	10	255.096150596759	0.863406743061876	44			17.0209999999997	-0.000133005463842383		0.484999999999673	infill_ei	1.17300000000023	0.00115979189155269	0.863493466785114	906	68	lightgbm_BO
0.0145326416002072	0.286776888901137	0.599696447503077	32	476	255.05861207924	0.863405619546425	25			47.7649999999999	-0.000245862509033124		0.340000000000146	infill_ei	1.20299999999997	0.00163898916063713	0.863352220520698	546	49	lightgbm_BO
0.0106725427052885	0.291244779436904	0.500664381969348	29	294	255.03381634104	0.863396163417165	51			35.0050000000001	-0.00045535541153758		0.588000000000193	infill_ei	1.24200000000019	0.000566861266167948	0.864818982276311	339	75	lightgbm_BO
0.0111248322862563	0.808794867229242	0.999639651580062	15	53	255.028179359378	0.863384437031613	173			49.1490000000013	-3.8382365675847e-05		1.99299999999857	infill_ei	1.91400000000067	0.00122564704929757	0.864294810974369	585	197	lightgbm_BO
0.0329469274484174	0.351229646644567	0.204514916614375	0	12	255.056054184673	0.863378548746285	70			9.38000000000011	-8.90277713814505e-05		0.964999999999691	infill_ei	1.38200000000006	0.0011864446819779	0.864083498067435	439	94	lightgbm_BO
0.0369517641311859	0.295639466114556	0.20055789587647	13	191	255.048746119265	0.86337367683881	130			68.9099999999999	-7.32981857346185e-05		0.976999999999862	infill_ei	1.65300000000025	0.000990809824484079	0.864861395831839	413	154	lightgbm_BO
0.0101426400320794	0.201755869592244	0.474301007431482	29	35	255.002593829909	0.863372368120194	5			21.4839999999999	-0.000649143326335769		0.0629999999999882	infill_ei	1.01400000000001	0.000690054302963294	0.864900374402483	602	29	lightgbm_BO
0.0360754824088049	0.6937524949015	0.201725772709024	10	10	255.054231539349	0.863351477295022	67			8.05899999999974	-0.000110752648257279		0.958000000000084	infill_ei	1.30999999999995	0.00175334680159481	0.863332923303352	358	91	lightgbm_BO
0.0607470053966674	0.228166990923579	0.931317173008734	20	11	255.002935012289	0.863351196376488	63			4.13499999999976	-0.000119867039721212		1.09900000000016	infill_ei	1.29100000000017	0.00155261675831241	0.863720200869429	213	87	lightgbm_BO
0.0188272286723775	0.265835135400455	0.682288177892671	29	305	255.038194447473	0.863348383178377	31			43.5200000000002	-0.000175089969251416		0.460000000000036	infill_ei	1.09500000000003	0.000539210607044171	0.864366674780674	442	55	lightgbm_BO
0.0169079261227256	0.610369461504696	0.200527072301114	0	11	255.029479874179	0.863322912125825	98			16.2340000000004	-4.5108948054783e-05		1.07600000000002	infill_ei	1.5	0.00136691086435781	0.863521069247577	719	122	lightgbm_BO
0.0121032581606768	0.334192429461414	0.361198387673544	22	399	255.099949256045	0.863310055541221	149			78.2150000000002	-0.000153521845942253		2.03799999999956	infill_ei	1.83200000000033	0.00163523200409109	0.864381899018482	592	173	lightgbm_BO
0.010291884563077	0.700274284899816	0.330341695472608	30	10	255.097631309395	0.863307495210578	36			19.5410000000002	-0.00013619849954476		0.603999999999815	infill_ei	1.17999999999984	0.00255388690975645	0.861324621436498	1129	60	lightgbm_BO
0.0100526689798699	0.268314214969144	0.482459809353426	13	355	255.001459162992	0.863283399596482	21			132.681	-0.000515243073449598		0.337999999999965	infill_ei	1.05500000000006	0.00119920551310018	0.864524049561204	656	45	lightgbm_BO
0.0440448671151228	0.562437468010641	0.880073241958058	0	20	255.020251056821	0.86327302277325	82			9.94300000000021	-0.000217749739542346		0.911000000000058	infill_ei	1.54700000000003	0.00103229591332102	0.86486126705868	242	106	lightgbm_BO
0.010138939341892	0.383090418116763	0.758412182558025	39	136	255.029467827773	0.863256900134652	17			41.134	-0.000370371438459812		0.22199999999998	infill_ei	0.835000000000036	0.00245448360409363	0.862813613076983	519	41	lightgbm_BO
0.0245836044822216	0.842132653111563	0.632340573646537	9	27	255.096805874456	0.863244583505871	33			17.1970000000001	-0.000144666898791495		0.666999999999916	infill_ei	1.10000000000036	0.00304743560359244	0.860550577971238	304	57	lightgbm_BO
0.0101620845416175	0.40188501991202	0.490219527372052	27	167	255.055444883272	0.863241110495374	11			60.4649999999999	-0.00125615661682595		0.210000000000036	infill_ei	1.07600000000002	0.00109788423116469	0.865628604878375	527	35	lightgbm_BO
0.0195083406835065	0.369690819933321	0.455739487293985	19	490	255.034844732599	0.863181793380287	144			104.242999999999	-8.24213418948017e-06		1.29700000000048	infill_ei	1.86999999999989	0.00096388041918277	0.863988120673368	423	168	lightgbm_BO
0.02102215973279	0.479944987404867	0.651666027577255	19	435	255.098799391817	0.86310273992015	127			78.7330000000002	-1.17398226338362e-05		1.42100000000028	infill_ei	1.68099999999959	0.00138672989922239	0.863138357400764	428	151	lightgbm_BO
0.0106294900861016	0.212064055798877	0.957810894464178	17	389	255.068602020806	0.863073847428634	56			81.7440000000002	-0.00011349709630708		0.894000000000233	infill_ei	1.20900000000029	0.00148260728240151	0.863071236868521	588	80	lightgbm_BO
0.0191330675753542	0.882284624702969	0.450898466783455	27	10	255.086061516598	0.863070310312733	133			12.0459999999994	-6.13896656745063e-06		1.4350000000004	infill_ei	1.80499999999938	0.00127312793489786	0.863106461008856	573	157	lightgbm_BO
0.0221723236721639	0.447683432760683	0.627512290067319	24	62	255.000160841241	0.863062508615961	19			20.6210000000001	-0.000936138605194687		0.278999999999996	infill_ei	1.10400000000004	0.00158712927246225	0.864986842299274	248	43	lightgbm_BO
0.0254472135303502	0.683630662182102	0.631176120809374	14	10	255.022690455063	0.8630460754441	38			10.3270000000002	-0.000267147125972805		0.532000000000153	infill_ei	1.13400000000001	0.00192839165749314	0.863067194291496	542	62	lightgbm_BO
0.0100320306296517	0.347185250741113	0.317789316838206	30	230	255.036330759043	0.863035212693677	4			43.8789999999999	-0.00027021594132001		0.11200000000008	infill_ei	0.932999999999993	0.00079752981209637	0.864229460503227	444	28	lightgbm_BO
0.0627081914795559	0.241759643706838	0.998830381658867	17	349	255.024716892082	0.8630131907808	77			44.5740000000001	-8.9807563180059e-05		0.95699999999988	infill_ei	1.36200000000008	0.00148064285894282	0.863614414723226	240	101	lightgbm_BO
0.0130207209966062	0.344894550482438	0.201801804015694	23	399	255.009507676524	0.862980286331971	150			46.3450000000003	-5.96180138431595e-05		1.77199999999993	infill_ei	1.87100000000009	0.0015795194366307	0.863722803086905	339	174	lightgbm_BO
0.0203106302884793	0.421291275976834	0.31419309005217	21	10	255.097186312142	0.862962407568801	65			9.93599999999969	-0.00105487296745857		0.717000000000098	infill_ei	1.2829999999999	0.00091945292719785	0.866323104703979	571	89	lightgbm_BO
0.0100420722285685	0.314607915392722	0.837962417749024	29	377	255.039485225298	0.862951251269547	49			35.3220000000001	-0.000541638626106504		0.309999999999945	infill_ei	1.03699999999981	0.000879827689485861	0.864784020786442	350	73	lightgbm_BO
0.0415114329298269	0.600852786174451	0.592334439701597	0	62	255.00068465315	0.862950483232907	80			43.6979999999999	-0.000142231247927272		1.43899999999985	infill_ei	1.39699999999993	0.00130381276512802	0.864220391275647	414	104	lightgbm_BO
0.010188594978886	0.770528959613685	0.20085790047837	33	10	255.099213096414	0.862944348759858	131			18.9220000000005	-1.86278061555833e-05		1.27000000000044	infill_ei	1.67900000000009	0.00134739556095963	0.863470890341936	1022	155	lightgbm_BO
0.0561708380049877	0.356941540700298	0.760594971148535	0	14	255.099206735883	0.862925082067659	117			4.98300000000018	-7.56637567615879e-05		1.44700000000012	infill_ei	0.768000000000029	0.00150409168900928	0.864029202436489	161	141	lightgbm_BO
0.0102377074879138	0.448265555220392	0.304441456273571	30	10	255.026818802696	0.862906098181372	46			16.2939999999999	-0.000285558979941066		0.423000000000229	infill_ei	1.29500000000007	0.000526462052128443	0.864589044813021	926	70	lightgbm_BO
0.0101269501971104	0.84810695878535	0.832018920120204	28	32	255.062748852561	0.862904604169344	179			29.7170000000006	-8.21916097135511e-06		1.59300000000076	infill_ei	1.996000000001	0.000956392017020575	0.864188982971814	548	203	lightgbm_BO
0.0370757195767658	0.378158220229017	0.736809589193474	37	36	255.085123153764	0.862894003050671	83			8.60899999999992	-0.000115600001914657		0.920000000000073	infill_ei	1.37899999999991	0.00106498133714538	0.864421522743909	154	107	lightgbm_BO
0.041951854024248	0.621902169898211	0.998802170883081	14	10	255.000339384055	0.862879338092627	81			6.471	-0.000311387695499511		0.855000000000018	infill_ei	1.375	0.00105505207924916	0.865093595507023	266	105	lightgbm_BO
0.0360108719629771	0.525886431228772	0.200340334917302	38	14	255.010810626579	0.862851786638872	69			9.21100000000024	-8.17502528103903e-05		1.00099999999975	infill_ei	1.34699999999975	0.00151594018407563	0.863486219883434	345	93	lightgbm_BO
0.0101398741401064	0.437982803373958	0.202319281925695	35	247	255.034185523856	0.862845458869312	23			57.0719999999999	-0.000693538878270146		0.421000000000049	infill_ei	0.90300000000002	0.00101208834497655	0.86493971382526	658	47	lightgbm_BO
0.0268031938959101	0.341230063541358	0.226347617161726	34	302	255.027595146502	0.862811346494786	16			24.1970000000001	-0.00106561138461504		0.30600000000004	infill_ei	0.982999999999947	0.00133620004295755	0.865306424372018	244	40	lightgbm_BO
0.0436287245517119	0.369505891936492	0.203112056299611	28	331	255.071780435826	0.862786019187583	116			31.3580000000002	-4.75597854688561e-05		2.13599999999951	infill_ei	1.64699999999993	0.00102522724525717	0.864589593410304	262	140	lightgbm_BO
0.0116802820390671	0.601757763703784	0.999825565201423	22	507	255.095691315996	0.862762669209413	142			265.157	-1.21543932671389e-05		0.951000000000022	infill_ei	1.82099999999991	0.00202609703411264	0.861603488859523	532	166	lightgbm_BO
0.0239911702641719	0.357598748724531	0.521931417352892	2	140	255.004593242241	0.862754497840612	92			53.8060000000005	-1.34658915933057e-05		1.09699999999975	infill_ei	1.5610000000006	0.00101705009212504	0.863638640039665	277	116	lightgbm_BO
0.0268977407635593	0.698585237607511	0.756144843867094	37	10	255.094328107655	0.86274645961124	68			9.24800000000005	-6.24955632371117e-05		0.786000000000058	infill_ei	1.36899999999969	0.00139447174066032	0.863511347685395	441	92	lightgbm_BO
0.0804994840627736	0.350740774520635	0.203942008532831	17	107	255.099996482202	0.862716723915486	122			26.8849999999993	-3.16561692258139e-05		2.10499999999956	infill_ei	1.62899999999991	0.00203861183449485	0.862312330160289	200	146	lightgbm_BO
0.0115731914861288	0.249297290510041	0.700492414494233	50	171	255.004834009873	0.862660043938161	159			24.0289999999995	-8.32423397627766e-06		0.894000000000233	infill_ei	2.08299999999963	0.00154562577652286	0.862750127330298	460	183	lightgbm_BO
0.0176638394100797	0.386868231333597	0.22529071330375	29	155	255.099601386801	0.862654139452211	199			40.869999999999	-7.65187131712721e-06		1.88199999999961	infill_ei	2.00699999999961	0.000794903318365998	0.864545150800626	386	223	lightgbm_BO
0.0236352446589511	0.241421656673721	0.467310613588975	27	481	255.024674537937	0.862629002627907	53			38.904	-0.000316303860965719		0.723999999999705	infill_ei	1.18600000000015	0.00139555675464084	0.864045553506172	399	77	lightgbm_BO
0.0322015089865154	0.364761251301572	0.203740129922762	23	512	255.000324636336	0.862626251876527	143			44.1510000000008	-2.12122357573946e-05		1.13199999999961	infill_ei	1.79100000000017	0.00173847275203604	0.862676717516383	282	167	lightgbm_BO
0.0149406887024743	0.291555644317615	0.930210395124457	28	156	255.044905082252	0.862571751242036	48			33.4720000000002	-0.000541777090596308		0.663000000000011	infill_ei	1.19299999999976	0.000908277134454685	0.864767664894798	331	72	lightgbm_BO
0.0147356080575573	0.361149781019333	0.553980360426583	31	512	255.099550166771	0.862564778489018	74			38.462	-5.72261858476125e-05		0.830999999999676	infill_ei	1.33500000000004	0.0011130784300862	0.863951767704384	388	98	lightgbm_BO
0.0204579981090694	0.214693399005516	0.577490583428579	30	360	255.026578123415	0.862556596138942	15			48.567	-0.0012409584957822		0.194999999999936	infill_ei	1.01199999999994	0.00195213774655184	0.86524857858783	583	39	lightgbm_BO
0.0511075048650073	0.356449857599155	0.5001883441845	17	10	255.025217682217	0.862540826615444	103			4.92799999999988	-5.42837833077582e-05		1.23300000000017	infill_ei	1.47400000000016	0.00105464650339272	0.864190067795146	238	127	lightgbm_BO
0.0276834797118962	0.831411814179277	0.797870007715832	0	10	255.062619975384	0.862523829228532	43			10.29	-0.000117868883715189		0.236000000000331	infill_ei	0.510000000000218	0.00110480350478411	0.86349445467767	431	67	lightgbm_BO
0.0167264750883955	0.601956967181712	0.683228511722081	45	512	255.097002502461	0.862522699922755	100			28.6509999999998	-5.72394156501829e-06		0.946000000000822	infill_ei	1.65000000000055	0.00246162780433525	0.859464409530678	321	124	lightgbm_BO
0.0104390186559884	0.425981995987086	0.96159713153736	41	333	255.099567079783	0.862504353321302	41			41.3090000000002	-0.000108944808352288		0.640000000000327	infill_ei	1.14300000000003	0.00212744702484037	0.861805271216693	512	65	lightgbm_BO
0.0100329643944278	0.366385482130747	0.99647946923039	31	488	255.026274224194	0.862503754894322	32			48.5740000000001	-0.000395741891058749		0.416999999999916	infill_ei	1.18199999999979	0.00148623526980465	0.864004334726083	501	56	lightgbm_BO
0.0551257334267157	0.38027933689372	0.200041933845497	39	186	255.099547936283	0.862478418106353	132			23.2750000000005	-1.37349848439461e-05		0.809000000000197	infill_ei	1.75999999999931	0.00136863012358767	0.863262291210217	254	156	lightgbm_BO
0.05091053606011	0.603935509993625	0.9877782913439	0	122	255.020018739475	0.862456099487372	86			63.4549999999999	-5.34699872776346e-05		0.936999999999898	infill_ei	1.45699999999988	0.000881389121615947	0.864310646852367	313	110	lightgbm_BO
0.0435162300353303	0.758912657147669	0.508217812147248	0	33	255.070927450561	0.862451072798064	34			16.6089999999999	-0.000176303066166539		0.271999999999935	infill_ei	1.21099999999979	0.00249340810582844	0.861747275928736	230	58	lightgbm_BO
0.0446370262964047	0.213109737324218	0.439051601220854	35	132	255.038316761121	0.86238610457116	0			33.851				initdesign				469	24	lightgbm_BO
0.0281552344799824	0.355663057082797	0.720853264475213	28	175	255.099639735708	0.862382812976698	153			29.4439999999995	-2.46635742088246e-05		0.900000000000546	infill_ei	1.8119999999999	0.00114355151785982	0.864047577878758	249	177	lightgbm_BO
0.0467224299191339	0.619496948793058	0.611138175872126	32	344	255.099967630144	0.86235944238075	167			29.1790000000001	-1.46764795880545e-05		2.40399999999954	infill_ei	1.84799999999996	0.00193795275211939	0.862139367581069	217	191	lightgbm_BO
0.010789375988398	0.354838521458785	0.686533263375633	39	445	255.000113862979	0.862326030049218	102			42.5	-3.0246980835731e-05		1.14199999999983	infill_ei	1.52700000000004	0.00107261089993182	0.863872623931537	545	126	lightgbm_BO
0.0217230449901864	0.902103415718627	0.9968545185277	17	11	255.099878485001	0.862294964382334	71			11.3240000000001	-5.53255924141059e-05		0.809999999999945	infill_ei	1.33199999999988	0.0022343525874209	0.861819791582371	483	95	lightgbm_BO
0.0182498126593477	0.482238350652949	0.991094339687933	30	247	255.003802458958	0.862294113614442	73			49.2260000000001	-5.62407804005577e-05		0.744000000000142	infill_ei	1.3119999999999	0.00193142927553406	0.862431879405741	415	97	lightgbm_BO
0.0272111884590942	0.321655185761063	0.316879229529337	34	108	255.025695012339	0.862253666588286	10			17.653	-0.000595688607528383		0.192999999999984	infill_ei	1.02500000000009	0.000495633266584828	0.865016287241475	181	34	lightgbm_BO
0.0577399577205915	0.349468234240795	0.200886382633363	28	154	255.020724519615	0.862235667033399	177			22.2560000000012	-2.91215782321121e-05		2.70600000000013	infill_ei	1.92900000000009	0.00104211596782114	0.8645125965006	179	201	lightgbm_BO
0.0201370183806661	0.201596778784018	0.579956515078172	0	215	255.02981571752	0.862163608903429	1			113.505	-0.00133651164933027		0.0570000000000164	infill_ei	0.91599999999994	0.00133955104711796	0.863587265280401	555	25	lightgbm_BO
0.0178482485545605	0.217822709035866	0.919408461710327	16	254	255.027279829319	0.862151742517352	138			94.8969999999999	-7.5091425039351e-05		1.64300000000003	infill_ei	1.71200000000044	0.000816778120275508	0.865139209313348	616	162	lightgbm_BO
0.0488585611235208	0.599792001735081	0.923335546015423	0	32	255.079102583658	0.862126605217951	79			13.2199999999998	-0.000174673749668357		1.04199999999992	infill_ei	1.36000000000013	0.00186406206946132	0.863586832419657	199	103	lightgbm_BO
0.0143683692698336	0.765713721572604	0.93909712656021	40	10	255.054381557439	0.862105698839051	27			12.1160000000002	-0.000180296501628952		0.346000000000004	infill_ei	1.24000000000001	0.00337852913458364	0.860315850692726	603	51	lightgbm_BO
0.0379397709167186	0.715417612506757	0.951042620369827	0	10	255.024708989768	0.862041462113046	84			7.07999999999993	-9.7395036646515e-05		0.988000000000284	infill_ei	1.40900000000011	0.00135209439570232	0.86388052195209	307	108	lightgbm_BO
0.0195035053212045	0.999634615007377	0.200477319273686	29	11	255.088841559992	0.862035540506542	110			11.7389999999996	-6.01758435392398e-06		1.20199999999932	infill_ei	1.5590000000002	0.00244050965396384	0.859976847291336	497	134	lightgbm_BO
0.0170538630370051	0.449175989354064	0.592402794362931	47	232	255.099977880775	0.86199279154401	106			18.4710000000005	-1.08034805678136e-05		1.625	infill_ei	1.57799999999952	0.00129380713871022	0.862903945657682	224	130	lightgbm_BO
0.0141507973191478	0.202733641843135	0.403235974729422	29	178	255.012362653844	0.861969457516029	6			31.97	-0.00034896105061515		0.115000000000009	infill_ei	0.963999999999942	0.000288588371403715	0.864661379925607	377	30	lightgbm_BO
0.0121533633307445	0.344237346735718	0.648893651927367	50	377	255.097859726686	0.861838670026687	188			23.2080000000005	-3.16463283122154e-06		1.64399999999841	infill_ei	2.03300000000127	0.0013539927962341	0.862780128989713	370	212	lightgbm_BO
0.014587398838142	0.59578712891545	0.592054362952365	27	511	255.002071841453	0.861830061305321	140			50.9020000000001	-2.4340945310322e-05		0.918999999999869	infill_ei	1.73199999999997	0.00167869361799455	0.862902097213027	375	164	lightgbm_BO
0.034078067207934	0.649841163232166	0.453612819136029	41	10	255.044106886565	0.861798955928166	39			7.45100000000002	-0.000108351359132173		0.367999999999938	infill_ei	1.09699999999975	0.00155292677282063	0.862756999756795	352	63	lightgbm_BO
0.030489241475867	0.936938650160397	0.413082585981068	0	10	255.095778081633	0.861783791958181	45			10.2840000000001	-8.27820177930171e-05		0.360000000000127	infill_ei	1.16499999999996	0.00230784126353134	0.861198110150998	429	69	lightgbm_BO
0.0524484134827164	0.998898874100175	0.877890230334811	31	10	255.008358438117	0.861712601086643	88			6.39900000000034	-1.72810102170715e-05		1.65900000000056	infill_ei	1.48700000000008	0.00300682714777895	0.858892277084865	228	112	lightgbm_BO
0.0674560265113263	0.48332143666218	0.238593728107988	30	10	255.063842187538	0.861710512008868	28			5.05799999999999	-0.000164487632170351		0.379999999999882	infill_ei	1.10800000000017	0.00208730808554098	0.862304113572531	200	52	lightgbm_BO
0.0100625973664049	0.999583491554789	0.758633538762109	9	10	255.09936173083	0.86170568847943	108			19.6959999999999	-8.73960539405951e-06		1.14100000000053	infill_ei	1.55500000000029	0.0018033740211567	0.861940606072235	933	132	lightgbm_BO
0.0117704159441981	0.669534172261711	0.257636408919147	25	341	255.006288521936	0.861691919885876	169			91.6289999999999	-6.30056859265079e-06		2.09000000000015	infill_ei	1.93599999999969	0.00218109792407092	0.860906379358659	619	193	lightgbm_BO
0.0558519475227023	0.233264882305983	0.305544815647055	0	194	255.096959873196	0.861451405195519	183			59.8649999999998	-0.000164220704881455		4.58200000000034	infill_ei	2.00400000000082	0.00163622216456625	0.864624269695204	431	207	lightgbm_BO
0.0234827805205714	0.914720621805948	0.80806185596933	19	109	255.010635702982	0.861182115362766	0			68.021				initdesign				434	21	lightgbm_BO
0.0102263871546419	0.344637619256145	0.212926449355811	54	462	255.059798542851	0.861154824421377	145			20.7649999999994	-1.04829569349925e-05		1.15499999999975	infill_ei	1.71399999999994	0.00217370893684499	0.861121047715471	331	169	lightgbm_BO
0.0799620409514013	0.848634115447598	0.668023751409986	22	10	255.065834697591	0.861097788625832	35			4.3760000000002	-0.000153778918744317		0.36200000000008	infill_ei	0.791000000000167	0.00236808423722639	0.861781510654687	146	59	lightgbm_BO
0.0141721969845842	0.557609191429004	0.49128558591397	31	177	255.033100762442	0.861081416291689	18			46.6310000000001	-0.000827784461822671		0.435999999999922	infill_ei	0.5	0.00129956276102197	0.86498485404759	391	42	lightgbm_BO
0.0135541679769242	0.524868983462284	0.999918426539843	7	384	255.011852459607	0.861050113922446	125			206.301	-5.8759550497683e-05		0.783000000000357	infill_ei	1.64999999999964	0.00184329562479189	0.863216811392443	513	149	lightgbm_BO
0.0159963896687221	0.763728969537688	0.782921807806473	40	511	255.099553141565	0.861030207417075	109			40.4390000000003	-3.48016181858288e-06		1.30599999999959	infill_ei	1.60300000000007	0.00193626556449907	0.861004946760632	394	133	lightgbm_BO
0.0934675579657278	0.292581253830494	0.460343807132362	19	250	255.062525965123	0.860986458284951	151			27.6600000000008	-2.72856224203327e-05		1.70200000000023	infill_ei	1.80499999999938	0.00219597872355525	0.861840506501954	148	175	lightgbm_BO
0.0247127947158394	0.27494258416736	0.947955716267461	0	497	255.099904695598	0.860889396371966	97			202.833	-1.99624898368873e-05		1.15499999999975	infill_ei	1.47999999999956	0.00188044878746252	0.861897528906452	872	121	lightgbm_BO
0.013440067178294	0.82780022532244	0.214752832740607	29	77	255.000132760981	0.860860059234725	9			56.183	-0.000697664529636704		0.0910000000001219	infill_ei	1.00999999999999	0.00166818723943535	0.864515460665518	545	33	lightgbm_BO
0.0134579811230651	0.236174765982044	0.948355404093551	64	389	255.024245711634	0.860696873317869	0			24.058				initdesign				570	11	lightgbm_BO
0.0180189223273959	0.999979129972749	0.979281662042957	24	255	255.00474292171	0.860612221580372	154			116.345	-2.90459535368091e-05		1	infill_ei	1.46100000000024	0.00293697860835691	0.860208046050732	692	178	lightgbm_BO
0.0100918778033096	0.594847238132002	0.869551997333685	58	309	255.020424086417	0.86046252260285	126			36.3239999999996	-2.04854784078315e-05		1.38299999999981	infill_ei	1.65899999999965	0.00208602949756673	0.861855495364681	565	150	lightgbm_BO
0.0598487752236542	0.49571984889141	0.469966270014023	43	415	255.006462974145	0.860439296214779	0			15.393				initdesign				140	13	lightgbm_BO
0.0145712352946316	0.707048840549437	0.27547289340689	36	90	255.001409976896	0.860431426325289	72			36.1610000000001	-2.7884974585048e-05		0.742000000000189	infill_ei	1.33300000000008	0.00171375060608923	0.862339572532575	342	96	lightgbm_BO
0.0121327721583804	0.475837401246103	0.491094747825153	18	333	255.051065745665	0.860390598976023	184			45.2510000000002	-1.29376521199305e-05		2.04000000000087	infill_ei	1.41199999999844	0.00139574066724485	0.863351908112425	217	208	lightgbm_BO
0.0100357967973341	0.999843888077706	0.970621800271183	41	142	255.092534899106	0.860378945451544	89			63.2600000000002	-2.56271350040799e-05		1.08700000000044	infill_ei	1.4380000000001	0.00240693415264747	0.860726608824828	627	113	lightgbm_BO
0.0114318619548072	0.263191937023642	0.201243686867249	55	13	255.005804175583	0.86033010499098	14			9.95900000000006	-0.00161488813759055		0.199000000000069	infill_ei	0.995999999999867	0.00159398289990374	0.865911413253416	539	38	lightgbm_BO
0.0108945665185201	0.488776586838968	0.789248936632908	70	39	255.094762685476	0.860307475792282	181			23.6359999999986	-3.8927667106191e-06		0.885999999998603	infill_ei	1.95399999999972	0.00238400360702424	0.859981219320751	514	205	lightgbm_BO
0.0375965884164082	0.827780403431377	0.984456325130002	40	366	255.026975969731	0.860158079409768	29			46.182	-0.000129776526235997		0.238000000000056	infill_ei	1.16599999999994	0.002883463580106	0.860688021681193	449	53	lightgbm_BO
0.0109808797598003	0.362588290908737	0.45451824027031	69	168	255.064739213935	0.86014367970491	164			23.2039999999997	-3.35067697125747e-06		1.29699999999957	infill_ei	1.88299999999981	0.00220270063657443	0.860397028059942	502	188	lightgbm_BO
0.029370579812576	0.589455880991921	0.200600106777818	0	277	255.099856549795	0.860098139582329	157			154.962	-1.09482391414391e-05		1.77700000000004	infill_ei	1.78399999999965	0.0024394868855398	0.860657850746202	516	181	lightgbm_BO
0.0143708938630316	0.788329502114816	0.417074705780478	28	186	255.096638235227	0.860007524513708	37			48.694	-0.000181134177202121		0.472999999999956	infill_ei	1.10599999999977	0.00170562562860516	0.862969320865305	338	61	lightgbm_BO
0.0146249231833416	0.6801826602021	0.922911997200248	0	316	255.099952009148	0.859958783661135	42			352.617	-7.4507467514788e-05		0.53899999999976	infill_ei	0.701000000000022	0.00277382199235649	0.860186021725913	1668	66	lightgbm_BO
0.044045239057067	0.41529774672077	0.999987681236776	34	212	255.006996750716	0.859928091235419	119			18.5019999999995	-2.21637241995507e-05		1.9340000000002	infill_ei	1.66499999999996	0.00121088020457908	0.863855273953248	155	143	lightgbm_BO
0.0118478446454026	0.996969990506375	0.958583751732553	40	512	255.06035705937	0.859886510427326	193			66.8670000000002	-3.13854655981552e-06		1.77499999999964	infill_ei	2	0.00215587480000258	0.860488434764347	638	217	lightgbm_BO
0.0144261572232496	0.741252905854397	0.274963415292447	82	369	255.099699349	0.859688863919095	165			18.8609999999999	-2.31128568049995e-06		1.08100000000013	infill_ei	1.87700000000041	0.00301872225686722	0.857650405342624	360	189	lightgbm_BO
0.0531538032706533	0.602072744262114	0.201048391269167	40	487	255.099865828112	0.859667119150902	104			19.576	-1.21417372848878e-05		1.07499999999982	infill_ei	1.54700000000048	0.00260707550143412	0.859720022398187	168	128	lightgbm_BO
0.0165741228687491	0.997523169687266	0.902039092507533	61	34	255.004242781548	0.859638188913093	187			24.0789999999997	-2.68248695085193e-06		1.34500000000116	infill_ei	2.00900000000001	0.00208731899446253	0.860585519581305	435	211	lightgbm_BO
0.0322452420399215	0.597425247706717	0.635647546594672	0	510	255.029228198749	0.859632644252019	101			213.431000000001	-1.81170472464097e-05		1.27999999999975	infill_ei	1.54700000000048	0.00221359280581018	0.861042141636937	602	125	lightgbm_BO
0.0557447430578098	0.704577750226047	0.656735210063716	22	511	255.082356129801	0.859618915434863	189			29.5759999999991	-2.71388791564135e-06		1.88800000000083	infill_ei	1.95099999999911	0.00159187615944234	0.862035251107891	124	213	lightgbm_BO
0.0103705796939144	0.999442271323589	0.681657519808392	31	429	255.000552764649	0.859571752241335	99			103.068	-9.91153847022164e-06		0.898000000000138	infill_ei	1.46500000000015	0.00248028999605849	0.859869304758897	783	123	lightgbm_BO
0.040274803725989	0.997919992007937	0.200652496327005	34	289	255.054969535935	0.85956956565838	156			50.7040000000006	-1.58374041919324e-05		2.09900000000016	infill_ei	1.95700000000033	0.00346297940950539	0.858398425984162	394	180	lightgbm_BO
0.0143895198491893	0.887849893001725	0.569994356474709	60	21	255.047561609763	0.859555907710781	75			17.48	-3.32762433868569e-05		1.3130000000001	infill_ei	1.32699999999977	0.00240532311098163	0.860974953534995	462	99	lightgbm_BO
0.0373234432751045	0.998913111155158	0.872637205968339	85	512	255.003499257803	0.859378331453904	95			11.4899999999998	-1.01460428443488e-05		0.965000000000146	infill_ei	1.45800000000054	0.00350655769061426	0.857155827706371	147	119	lightgbm_BO
0.0390463222364881	0.280733777818486	0.586450694120606	0	465	255.003121739064	0.859293623219288	139			131.621999999999	-2.1305635518823e-05		0.828999999999724	infill_ei	1.73900000000049	0.00144807430665857	0.863324202164916	716	163	lightgbm_BO
0.0105625784666451	0.701168482298662	0.683872008096194	84	355	255.09838356437	0.859276739547805	197			26.3070000000007	-8.23705024648671e-07		2.29000000000087	infill_ei	2.02100000000064	0.00227219532835247	0.859246990623898	536	221	lightgbm_BO
0.0842887562944227	0.819018169087109	0.200491708983319	4	10	255.099962744702	0.859263018471313	94			5.35599999999977	-2.32821974285509e-05		0.927000000000589	infill_ei	1.43000000000029	0.00229827631979756	0.861056058979196	205	118	lightgbm_BO
0.0119930854707172	0.610385411820852	0.98931493677569	76	508	255.099888377576	0.859184700819725	105			24.5340000000006	-1.007245470675e-05		1.24099999999999	infill_ei	1.50900000000001	0.00248859313904334	0.85986140200727	464	129	lightgbm_BO
0.0120652926633232	0.480135187080537	0.595505492457644	77	509	255.042295483234	0.859034394886801	128			17.7120000000004	-7.74245280175786e-06		1.66399999999976	infill_ei	1.70899999999983	0.00256929541265113	0.859834665440262	342	152	lightgbm_BO
0.0389306514764678	0.999799429348071	0.552333616577851	54	512	255.096386710936	0.858819997365143	134			17.2489999999998	-6.52004118962808e-06		0.78400000000056	infill_ei	1.6929999999993	0.00291811994200139	0.85872093546647	166	158	lightgbm_BO
0.0100518973459497	0.995463751404642	0.337743199674846	60	378	255.001977480236	0.858758458901851	190			47.6890000000003	-2.64841269304535e-06		1.72899999999936	infill_ei	2.00799999999981	0.00245779939164026	0.859473669742667	636	214	lightgbm_BO
0.0434640094277759	0.96499602495246	0.720378113587678	46	267	255.096574108164	0.858653131565578	170			23.5009999999993	-3.93069331509311e-06		2.38500000000022	infill_ei	1.9369999999999	0.00235154437205159	0.860081959123146	210	194	lightgbm_BO
0.0401086661354935	0.99811477113513	0.206820580844466	84	500	255.000797977349	0.858652404487261	137			10.2659999999996	-2.45680076358041e-06		1.27199999999993	infill_ei	1.81700000000001	0.00357442291917122	0.855796844342392	137	161	lightgbm_BO
0.0721341864213622	0.999437404916386	0.892301252367052	8	508	255.099531833793	0.858619051927381	76			100.015	-1.81130819801863e-05		0.985999999999876	infill_ei	1.35700000000043	0.00380786027005459	0.856921076786278	221	100	lightgbm_BO
0.0724771063369957	0.236544582427331	0.200616303915257	2	450	255.067402950662	0.858617691724549	40			64.489	-0.000144556935177641		0.331000000000131	infill_ei	1.12699999999995	0.00221355107260035	0.861962039168913	358	64	lightgbm_BO
0.093273510656465	0.418584905532836	0.682146698372159	34	32	255.000324513833	0.858108394357276	64			4.55600000000004	-8.68463166826596e-05		0.735999999999876	infill_ei	1.30699999999979	0.0020577857305468	0.862586435706282	56	88	lightgbm_BO
0.0946148168380014	0.999854545939676	0.552603224334962	0	10	255.00403693846	0.858021351368222	90			4.38100000000031	-2.93170974796824e-05		1.0610000000006	infill_ei	1.61100000000079	0.00267657204549562	0.860239524447289	123	114	lightgbm_BO
0.0263839419117714	0.999691190848695	0.200085365269425	88	16	255.075858988583	0.857966275107836	135			9.46400000000085	-2.63341601245117e-06		1.48499999999967	infill_ei	1.76000000000022	0.00343343665319181	0.856307618558741	264	159	lightgbm_BO
0.0740264263867858	0.999326808286598	0.641353150146079	88	310	255.000819868051	0.857937873011157	160			6.04100000000017	-2.96997973586139e-06		1.10300000000007	infill_ei	1.84399999999914	0.00328582589424564	0.857066558873672	61	184	lightgbm_BO
0.0460594911044647	0.20122571314849	0.855518108633531	91	103	255.004323877446	0.85723606338758	192			7.81099999999969	-8.56256962841013e-07		1.61599999999999	infill_ei	1.09900000000016	0.00296884175190349	0.856956700147408	209	216	lightgbm_BO
0.0764700190209697	0.253363581679562	0.735740928010727	34	512	255.052752199547	0.856975868835125	115			11.6060000000007	-5.57761824799732e-06		1.47999999999956	infill_ei	1.91699999999946	0.00152871456136836	0.86239543307475	94	139	lightgbm_BO
0.0379084947248184	0.363244292184574	0.236488641560922	111	510	255.022224650416	0.856618244255969	171			6.04200000000037	-1.62433946601178e-06		1.41899999999987	infill_ei	1.90200000000004	0.00350377628365913	0.855779073515712	129	195	lightgbm_BO
0.0592116354577969	0.89481378563598	0.202304859003456	3	486	255.030082649074	0.855868126721273	87			129.892	-2.8013595499182e-05		1.12899999999991	infill_ei	1.5930000000003	0.00316150163379434	0.859061943592577	402	111	lightgbm_BO
0.010171663377304	0.228210877863708	0.997805165088077	127	311	255.041510021586	0.855790211930164	166			15.7169999999996	-2.13742962991918e-06		1.31999999999971	infill_ei	1.87899999999991	0.00376312673557618	0.855236307691752	633	190	lightgbm_BO
0.0257240250057657	0.781889106961899	0.582185586448759	126	497	255.084377351377	0.85565412563036	0			9.96600000000001				initdesign				223	12	lightgbm_BO
0.0874917278756038	0.357333241907569	0.991626226824398	91	462	255.069172306875	0.855581163627298	0			4.52200000000005				initdesign				45	20	lightgbm_BO
0.0982476117639609	0.92069952460963	0.999493615248692	78	486	255.08869199863	0.855284781500438	96			7.07899999999972	-9.88796812765435e-06		1.46500000000015	infill_ei	1.47800000000007	0.00311222254301002	0.85819173625097	55	120	lightgbm_BO
0.0489014030544786	0.523651755360576	0.533597039524466	121	136	255.057298608666	0.854424796201674	0			5.83999999999998				initdesign				106	4	lightgbm_BO
0.0102370474953741	0.999920743479977	0.991095639642867	114	10	255.081549664155	0.854333907504899	111			18.5780000000004	-1.31622943673873e-06		1.63199999999961	infill_ei	1.56700000000001	0.00314510010171377	0.856559191678057	941	135	lightgbm_BO
0.010502341453538	0.999298315688254	0.999275880793813	156	505	255.057710088336	0.853255560387056	196			19.851999999999	-7.64587324798528e-07		1.57200000000012	infill_ei	2.0010000000002	0.00379480297922079	0.854040266969205	597	220	lightgbm_BO
0.0405603404119029	0.897013542374286	0.704542487921814	163	196	255.097905929294	0.852954982552444	0			8.24599999999998				initdesign				218	17	lightgbm_BO
0.0994300676502081	0.999178208168253	0.327110204646491	93	406	255.085196196724	0.852465180379253	195			5.45299999999952	-8.02651092960551e-07		1.64300000000003	infill_ei	1.99200000000019	0.00297047715679901	0.856898013237795	45	219	lightgbm_BO
0.0955863049402251	0.719770404867207	0.276755543068672	172	51	255.060979948879	0.850013124278806	0			3.41899999999998				initdesign				52	7	lightgbm_BO
0.0905759570060764	0.994843642126458	0.362694634442839	204	386	255.064499353385	0.84832252657159	0			4.33999999999998				initdesign				70	10	lightgbm_BO
0.0560192177942372	0.455463855356599	0.379798973631114	226	284	255.047499686612	0.84804763722872	0			4.00700000000001				initdesign				114	6	lightgbm_BO
0.0530681831104448	0.686392397914703	0.24473497258344	255	363	255.078730614817	0.847386256181292	0			4.71199999999999				initdesign				114	1	lightgbm_BO
0.098147509409755	0.811504662657778	0.60462266872637	243	162	255.013310510077	0.846266426116577	0			2.79300000000001				initdesign				48	18	lightgbm_BO
0.0172387986831018	0.277987298097772	0.792730580681625	316	75	255.052936666786	0.846037849010064	0			7.52999999999997				initdesign				503	15	lightgbm_BO
0.0389976844951161	0.959328532793249	0.407083494930218	285	21	255.018456458279	0.845928978661479	0			4.63499999999999				initdesign				168	8	lightgbm_BO
0.065465031855274	0.42467259237698	0.759669238848922	311	268	255.025705758841	0.845433152363274	0			3.81700000000001				initdesign				124	2	lightgbm_BO
0.0338717486092355	0.556027742746907	0.845073425599064	367	318	255.07351985892	0.844988303714953	0			6.64000000000004				initdesign				348	9	lightgbm_BO
0.0827160552781425	0.765614365716465	0.913435750330488	336	216	255.045606609578	0.844549047889943	0			3.41200000000003				initdesign				106	5	lightgbm_BO
0.0203277671904652	0.58583904892051	0.329018020032284	411	219	255.094441372185	0.844249197637226	0			7.49199999999996				initdesign				463	16	lightgbm_BO
0.0672010393894743	0.607734928202505	0.698645612302547	388	261	255.035023073339	0.843494376707353	0			3.76900000000001				initdesign				138	3	lightgbm_BO
0.0775570182918455	0.391564936322781	0.228362166516793	418	72	255.081894013565	0.842575197181636	0			2.38900000000001				initdesign				97	19	lightgbm_BO
0.0314605877135182	0.636306463639873	0.895847325019228	445	339	255.00257677415	0.841657827733342	0			4.85900000000004				initdesign				285	22	lightgbm_BO
0.0756386229526834	0.848622143369479	0.646253726631403	465	430	255.089891918011	0.841211079864939	0			2.83000000000004				initdesign				105	23	lightgbm_BO
0.0725340512435651	0.326935545487019	0.522689457253243	487	473	255.031149084613	0.84069446244878	0			3.70600000000002				initdesign				203	14	lightgbm_BO
